28.6,65.7,29.4,0
28.8,65.6,29.2,0
28.5,64.4,30.1106846915638,0.4
28.3,64.8,29.5596166601383,0.3
27.3,64.8,34.5602605304036,1.7
27.7,65.8,33.371932064717,1.7
27.7,67,33.7995175750006,2
27.7,66.6,31.4267888022417,0.9
27.8,66.3,28.8,0
27.7,66.2,30.5208877426949,0.7
27.8,66,30.4758975058617,0.8
27.9,65.7,29.5986391476962,0.7
27.9,65.5,28.3,0
28.1,65.7,28.3,0
27.9,65,29.0352112755273,0.7
28,65,29.1353625024927,1.4
27.8,65.1,29.2652166003802,1.3
27.9,65,29.1390210264981,1.7
27.9,64.8,29.2035031425317,1.9
27.8,64.5,29.4057027450295,1.6
27.7,64.6,30.4964844033187,1.6
27.6,64.8,31.8699277921573,3
27.7,65.4,30.8901173819596,1.6
27.8,65.9,29.5476954196369,0.5
27.8,65.7,30.5156639249976,1.5
27.4,65.7,31.6496774683695,1.5
27.4,66,31.0370645608221,1.3
27.5,66.1,30.0451196677074,0.7
27.5,66.2,30.3103436243125,0.9
27.3,66,30.2377589886754,1
27.8,66.1,29.3133830965154,1.4
28.1,65.8,28.4418953859405,1.1
27.5,65.3,29.78847028666,1
27.2,66.1,31.4558246306581,1.5
27.6,66,30.5505122264606,1.8
27.4,65.8,31.8839994569321,2.6
27.4,66.3,31.5476068820935,2.2
27.5,66.2,29.590785930319,0.8
27.3,65.9,31.9476197536783,2.8
27.2,66.3,31.70805858365,2.1
27.2,66.2,30.842230300155,1.3
27.2,66.5,29.7499884654704,0.7
27.7,66.2,28.9735513014563,1.8
27.4,65.7,30.0423280515724,1.4
27.5,66.2,28.8896360395343,0.4
27.6,65.7,29.4310825271677,1.3
27.5,65.9,29.7671342936523,1.4
27.6,66,29.7216898747795,2.9
27.3,66.7,29.7038247578618,0.6
27.5,67.6,28.2,0
27.6,67.3,29.2382975009758,1
27.6,66.4,29.2382975009758,1
27.6,66.3,28.9888539116333,0.4
27.9,66.2,28.2,0
28.1,66.6,28.1,0
27.9,65.5,28.4016526647653,0.5
28.1,66,28.1,0
28.1,65.3,28.4144849161638,0.9
27.9,64.9,28.7037762553482,0.6
28,65.4,28.2320377415162,0.4
27.8,65.3,29.0552072821478,0.9
27.8,65.2,29.1641088736554,1.1
27.6,65.4,29.979525729861,1.1
27.9,66.2,28.5,0
27.9,66.1,28.3,0
27.8,65.9,28.3,0
28,65.4,28.3,0
28.2,66.6,28.3,0
28.2,66.9,28.5,0
28.2,65.6,28.2,0
28,64.6,28.4,0
28.1,64.8,28.7944165496977,0.4
28,65.1,28.7512428856837,0.5
27.9,65,28.3,0
28.1,65.4,28.3,0
28.3,66.4,28.3,0
28.2,65.3,28.4317752096678,0.4
28,65,28.8519116906753,0.7
27.8,65.2,29.6681100940274,0.6
28,65.6,28.5,0
28.2,65.7,28.5,0
28.3,66.5,28.5,0
28.3,65.2,28.5,0
28,64.8,29.3357443970391,0.6
27.6,65.3,32.3916512995757,3
27.5,65.9,33.0535100697243,1.9
27.4,66.2,32.1050086755354,1.3
27.4,66.4,32.9576243672518,1.9
27.4,66.6,30.8277165488201,0.9
27.8,66.5,29.6681100940274,0.6
